1 0 3 4 11 2 13 14 10 12 15 5 8 9 7 6 - 0m0.083s

 2 13 3 14 10 1 12 4 5 11 15 8 0 9 7 6 - 0m0.145s

 2 14 15 5 3 10 9 6 4 11 0 7 1 12 13 8i - 0m0.210s

 0 9 5 10 7 1 12 2 6 11 15 13 8 4 14 3 - 0m9.943s

 14 15 5 6 3 2 10 9 1 4 11 7 12 13 8 0 - 0m0.151s

 5 10 4 6 15 3 9 11 14 13 0 2 1 12 8 7 - 0m13.606s

 12 1 2 3 11 8 13 4 10 15 7 9 0 14 6 5 - 0m0.102s

 10 1 2 4 0 14 3 15 9 11 6 8 13 12 7 5 - 0m0.101s

 14 10 2 4 1 11 15 8 0 9 3 5 13 6 12 7 - 0m0.237s

 2 1 4 5 12 13 8 14 3 10 7 15 11 0 9 6 - 0m0.332s
